60280 89458 38023 40416  27131 38571 35056 34435
53135 90486 55967 99978  15755 99670 07172 96983
44827 86498 55765 17787  05886 84358 30255 88597
36706 51621 30213 96079  54025 54327 32815 59922
89146 39126 28903 07652  29558 13279 18861 63662

73166 54885 93411 05665  17445 51498 81035 98904
75531 84762 27022 09812  51008 84172 26738 73248
14986 12925 00899 76553  53140 60846 87541 13247
75022 39952 18813 84581  14678 46488 54186 04028
82325 10423 88446 30459  75177 87053 55313 01427

42361 70824 11541 32758  40998 46417 27285 63561
80823 50001 85944 43488  27762 59896 17251 43774
46410 88841 30899 13318  63141 13440 26744 63764
71484 10460 20798 26119  55549 73454 97872 69410
20849 30873 13670 37098  86932 53083 32128 57167
